0	2, 3, 15, 31, 37, 51, 55, 58, 59, 63
1	10, 13, 17, 20, 21, 24, 25, 27, 32, 35, 36, 39, 41, 47, 49, 67, 68, 69, 70, 71, 73, 79, 81, 82, 83, 90, 91, 94, 95, 99
2	5, 11, 12, 18, 19, 23, 26, 28, 33, 38, 40, 50, 53, 54, 57, 62, 64, 74, 76, 77, 87, 92, 96
3	4, 30, 34, 42, 66, 78
4	6, 8, 14, 22, 29, 43, 44, 45, 46, 48, 61, 65, 75, 80, 85, 86, 89
5	0, 1, 7, 9, 16, 52, 56, 60, 72, 84, 88, 93, 97, 98
SSE = 1.22443327976
0	4, 6, 8, 14, 22, 29, 30, 34, 42, 43, 44, 45, 46, 48, 61, 65, 66, 75, 78, 80, 85, 86, 89
1	10, 13, 17, 20, 21, 24, 25, 27, 32, 35, 36, 39, 41, 47, 49, 67, 68, 69, 70, 71, 73, 79, 81, 82, 83, 90, 91, 94, 95, 99
2	2, 3, 15, 31, 37, 51, 55, 58, 59, 63
3	0, 1, 5, 7, 9, 11, 12, 16, 18, 19, 23, 26, 28, 33, 38, 40, 50, 52, 53, 54, 56, 57, 60, 62, 64, 72, 74, 76, 77, 84, 87, 88, 92, 93, 96, 97, 98
SSE = 1.62459992922
0	4, 22, 29, 30, 34, 42, 43, 44, 46, 66, 78
1	5, 11, 12, 19, 37, 40, 53, 54, 74, 76, 92, 96
2	6, 8, 14, 45, 48, 61, 65, 75, 80, 85, 86, 89
3	0, 1, 7, 9, 16, 18, 23, 26, 28, 33, 38, 50, 52, 56, 57, 60, 62, 64, 72, 77, 84, 87, 88, 93, 97, 98
4	2, 3, 10, 13, 15, 17, 20, 21, 24, 25, 27, 31, 32, 35, 36, 39, 41, 47, 49, 51, 55, 58, 59, 63, 67, 68, 69, 70, 71, 73, 79, 81, 82, 83, 90, 91, 94, 95, 99
SSE = 1.53246185956
0	13, 17, 20, 24, 25, 32, 39, 41, 49, 68, 73, 79, 83, 90, 99
1	35, 81
2	2, 3, 15, 37, 51, 55, 58, 59, 63
3	10, 21, 27, 31, 36, 47, 67, 69, 70, 71, 82, 91, 94, 95
4	0, 1, 5, 7, 9, 11, 12, 16, 18, 19, 23, 26, 28, 33, 38, 40, 50, 52, 53, 54, 56, 57, 60, 62, 64, 72, 74, 76, 77, 84, 87, 88, 92, 93, 96, 97, 98
5	30, 43, 44, 46, 78
6	4, 6, 8, 14, 22, 29, 34, 42, 45, 48, 61, 65, 66, 75, 80, 85, 86, 89
SSE = 1.25373920914
0	2, 3, 10, 13, 15, 17, 20, 21, 24, 25, 27, 31, 32, 35, 36, 39, 41, 47, 49, 51, 55, 58, 59, 63, 67, 68, 69, 70, 71, 73, 79, 81, 82, 83, 90, 91, 94, 95, 99
1	0, 1, 5, 7, 9, 11, 12, 16, 18, 19, 23, 26, 28, 33, 37, 38, 40, 50, 52, 53, 54, 56, 57, 60, 62, 64, 72, 74, 76, 77, 84, 87, 88, 92, 93, 96, 97, 98
2	4, 6, 8, 14, 22, 29, 30, 34, 42, 43, 44, 45, 46, 48, 61, 65, 66, 75, 78, 80, 85, 86, 89
SSE = 1.91069170607
